structure(c(0.809118291811093, 0.921979956553516, 1.28531215836344, 
0.825859986356391, 1.00700397413688, 0.938719633250481, 0.681175395119992, 
0.918615035033151, 0.484866434332997, 0.355968348618312, 0.3548917747175, 
0.138579512369052, 0.110111580327963, 0.162414019513917, 0.238345570187361, 
3.4880347713721, 4.92294445253222, 0.344239194937513, 0.175183243096261, 
3.04924091789366, 0.0981138749290282, 0.972104174729293, 1.08919552205823, 
0.10727396193921, 1.22115726162363, 0.214274127942346, 0.948828398563349, 
3.17756236972294, 0.193981928012546, 1.3729416592414, 0.289572786553094, 
2.65454032162109, 0.391377489411261, 2.82901793549149, 1.26529277432018, 
1.32177171180144, 0.335618479322294, 0.849194969606244, 1.3867150786494, 
4.73877048405918, 0.815487349973281, 0.219231228142107, 0.281714283293747, 
1.82703622160332, 0.160177981834252, 0.596800660278776, 0.645025416211574, 
0.73531910172467, 0.809727344142811, 0.324439014423688, 1.62026784915362, 
0.284042847468391, 3.54890136155889, 2.05820836078464, 0.323647670876182, 
3.36364575406585, 0.139749737408783, 3.87573265221467, 0.151973965464145, 
3.20310394429206, 0.0828741303865386, 0.119903015346453, 1.59131283341867, 
0.172980390619809, 0.414267319370146, 0.161363676311816, 0.435225196519177, 
0.490253598337581, 0.236294478587002, 1.86159451602523, 1.40386765746668, 
3.01736859198023, 4.05113175791664, 1.01739438814641, 0.196927670777647, 
0.0767075924021711, 0.13047949015839, 1.05709835543086, 0.0937688998183246, 
0.259122131174918, 0.765448595984551, 0.1035224898481, 0.0696801582538245, 
0.0272947565310441, 0.0607398161671866, 0.12666155627812, 0.0917027350756094, 
0.0691711594196187, 0.130796172883205, 1.1085324864002, 0.987008176241326, 
0.106404053076388, 0.307410708333436, 1.1708140855908, 1.46777671884331, 
0.882958335841687), .Dim = 96L, .Dimnames = list(c("ACACAG", 
"ACACGT", "ACACTC", "ACAGAT", "ACAGCA", "ACAGTG", "ACATAC", "ACATCT", 
"ACATGA", "AGTACG", "AGTAGC", "AGTATA", "AGTCAG", "AGTCGT", "AGTCTC", 
"AGTGAT", "AGTGCA", "AGTGTG", "ATCACG", "ATCAGC", "ATCATA", "ATCGAT", 
"ATCGCA", "ATCGTG", "ATCTAC", "ATCTCT", "ATCTGA", "CACACG", "CACAGC", 
"CACATA", "CACGAT", "CACGCA", "CACGTG", "CACTAC", "CACTCT", "CACTGA", 
"CGACAG", "CGACGT", "CGACTC", "CGAGAT", "CGAGCA", "CGAGTG", "CGATAC", 
"CGATCT", "CGATGA", "CTGACG", "CTGAGC", "CTGATA", "CTGCAG", "CTGCGT", 
"CTGCTC", "CTGTAC", "CTGTCT", "CTGTGA", "GAGACG", "GAGAGC", "GAGATA", 
"GAGCAG", "GAGCGT", "GAGCTC", "GAGTAC", "GAGTCT", "GAGTGA", "GCTACG", 
"GCTAGC", "GCTATA", "GCTCAG", "GCTCGT", "GCTCTC", "GCTGAT", "GCTGCA", 
"GCTGTG", "GTACAG", "GTACGT", "GTACTC", "GTAGAT", "GTAGCA", "GTAGTG", 
"GTATAC", "GTATCT", "GTATGA", "TATACG", "TATAGC", "TATATA", "TATCAG", 
"TATCGT", "TATCTC", "TATGAT", "TATGCA", "TATGTG", "TCGACG", "TCGAGC", 
"TCGATA", "TCGCAG", "TCGCGT", "TCGCTC")))
